%YAML:1.0
proj_intrinsics: !!opencv-matrix
   rows: 3
   cols: 3
   dt: d
   data: [ 2.6592419491763685e+03, 0., 5.1267260577592060e+02, 0.,
       2.7312264934425170e+03, 7.4439653112553503e+02, 0., 0., 1. ]
proj_distortion: !!opencv-matrix
   rows: 1
   cols: 5
   dt: d
   data: [ 0., 0., 0., 0., 0. ]
R: !!opencv-matrix
   rows: 3
   cols: 3
   dt: d
   data: [ 9.9977268005981301e-01, -1.9331578630386429e-02,
       -8.9932348838443962e-03, 1.8773243176320679e-02,
       9.9811099514054580e-01, -5.8497920648447645e-02,
       1.0107103772176180e-02, 5.8315790719208595e-02,
       9.9824702103544083e-01 ]
T: !!opencv-matrix
   rows: 3
   cols: 1
   dt: d
   data: [ 3.4294853261879130e-02, 1.2869137435606090e-01,
       -3.4580682448004307e-01 ]
proj_size: !!opencv-matrix
   rows: 1
   cols: 2
   dt: i
   data: [ 1024, 768 ]
